M/M/1
l = 2
m = 3
Res:
L = 2
Lq = 1.33
W = 1
Wq = 0.67
roh = 2/3
P0 = 1/3
P1 = 2/9

Cw = 15 
Cs = 12
Ct = 32

M/M/s
l = 2
m = 3
s = 2
Res:
L = 3/4
Lq = 1/12
W = 3/8
Wq = 1/24
roh = 1/3
P0 = 1/2
P8 = 0.0001524158

Cw = 132
Cs = 12
Ct = 35

M/M/s/K
l = 2
m = 3
s = 1
k = 3
Res:
L = 1.015
Lq = 0.431
W = 0.579
Wq = 0.246
roh = 2/3
P0 = 0.415
P3 = 0.123
Cw = 45
Cs = 89.8
Ct = 109.18599999999999

M/G/1
l = 3
m = 5
stdev = 0.1
Res:
L = 1.163
Lq = 0.563
W = 0.388
Wq = 0.188
roh = 0.6
P0 = 0.4
P3 = 0.0864

Cw = 56
Cs = 234
Ct = 265.5
